 Trial	MinCover	LastMinCoverGen	MaxGen	ConvergeFlag
  0 	 1.818945391633441 	 54 	 5000 	 CONVERGED
  1 	 2.0094090105292266 	 83 	 5000 	 CONVERGED
  2 	 1.728605166668543 	 34 	 5000 	 CONVERGED
  3 	 2.0412039487864044 	 41 	 5000 	 CONVERGED
  4 	 2.0436610072167616 	 19 	 5000 	 CONVERGED
  5 	 1.90904382808517 	 33 	 5000 	 CONVERGED
  6 	 2.026982659865695 	 26 	 5000 	 CONVERGED
  7 	 1.741596858798906 	 30 	 5000 	 CONVERGED
  8 	 2.0185648854113007 	 33 	 5000 	 CONVERGED
  9 	 1.3549644292688434 	 197 	 5000 	 CONVERGED
  10 	 1.5869036615357652 	 85 	 5000 	 CONVERGED
  11 	 2.031222176171235 	 26 	 5000 	 CONVERGED
  12 	 1.9132038251670453 	 30 	 5000 	 CONVERGED
  13 	 1.8140572496552707 	 85 	 5000 	 CONVERGED
  14 	 1.9209459590255302 	 48 	 5000 	 CONVERGED
  15 	 1.970975231994766 	 28 	 5000 	 CONVERGED
  16 	 2.1389676560442177 	 21 	 5000 	 CONVERGED
  17 	 2.0039186336156347 	 49 	 5000 	 CONVERGED
  18 	 2.0314099445110165 	 45 	 5000 	 CONVERGED
  19 	 1.8185137530284834 	 48 	 5000 	 CONVERGED
  20 	 1.932942966644493 	 31 	 5000 	 CONVERGED
  21 	 1.786053131090357 	 16 	 5000 	 CONVERGED
  22 	 1.9973910722682957 	 49 	 5000 	 CONVERGED
  23 	 1.9628550516776289 	 29 	 5000 	 CONVERGED
  24 	 1.7138328177226771 	 399 	 5000 	 CONVERGED
  25 	 1.7368139699627314 	 44 	 5000 	 CONVERGED
  26 	 1.9188793870572887 	 27 	 5000 	 CONVERGED
  27 	 2.048189519304973 	 33 	 5000 	 CONVERGED
  28 	 2.171981677505222 	 3 	 5000 	 CONVERGED
  29 	 2.0397000420364444 	 53 	 5000 	 CONVERGED
  30 	 1.984053599517159 	 28 	 5000 	 CONVERGED
  31 	 2.05634195563978 	 9 	 5000 	 CONVERGED
  32 	 1.5758748294618024 	 40 	 5000 	 CONVERGED
  33 	 1.9768003903576887 	 13 	 5000 	 CONVERGED
  34 	 1.6040108175529812 	 133 	 5000 	 CONVERGED
  35 	 1.6699578886725255 	 26 	 5000 	 CONVERGED
  36 	 1.8038069086174433 	 24 	 5000 	 CONVERGED
  37 	 1.812849449122622 	 53 	 5000 	 CONVERGED
  38 	 1.782285942682514 	 55 	 5000 	 CONVERGED
  39 	 1.9565966597965174 	 26 	 5000 	 CONVERGED
  40 	 1.9244855393414417 	 45 	 5000 	 CONVERGED
  41 	 1.947352324954205 	 72 	 5000 	 CONVERGED
  42 	 1.902261860244618 	 16 	 5000 	 CONVERGED
  43 	 1.9254620434406529 	 62 	 5000 	 CONVERGED
  44 	 1.892680965637103 	 15 	 5000 	 CONVERGED
  45 	 2.1854496388559936 	 13 	 5000 	 CONVERGED
  46 	 1.8097248870294629 	 183 	 5000 	 CONVERGED
  47 	 1.8845239580711253 	 11 	 5000 	 CONVERGED
  48 	 1.876967475126084 	 29 	 5000 	 CONVERGED
  49 	 1.9367987959725252 	 33 	 5000 	 CONVERGED
