 1.6105761646586922 
 1.5093832170905699 
 1.5525464156693274 
 1.7666307885810857 
 1.5164392586519932 
 1.8448641336025569 
 1.590794657070947 
 1.7222929393274165 
 1.7629574823592575 
 1.6011020756785184 
 1.6364835866590688 
 1.7343467917027897 
 1.790061098853801 
 1.7534874462916752 
 1.6288839281411478 
 1.6999649042108733 
 1.809384494506925 
 1.1704182121004052 
 1.7995485758430203 
 1.405795590018399 
 1.7133337410375529 
 1.495641587070573 
 1.5301971727458725 
 1.77128955732005 
 1.5655755133879798 
 1.9488208381016339 
 1.7212680217687104 
 1.6834124508264057 
 1.754518388513693 
 1.4893985781180032 
 1.4832860797887075 
 1.6680513927482905 
 1.7275635298339302 
 1.5411992555413685 
 1.7314879219365649 
 1.6627661872543082 
 1.549435020961572 
 1.5504979102788083 
 1.5558143056880107 
 1.735244724812026 
 1.7290903206730825 
 1.6297099554768597 
 1.3955976648384247 
 1.7221158394119596 
 1.845096393584957 
 1.7328493914171492 
 1.7741863610233515 
 1.763762639097685 
 1.6962164220525864 
 1.6531537420790374 
 1.7586531470588287 
 1.5950498513483546 
 1.6657559995130826 
 1.6233324184463207 
 1.60264886351991 
 1.8347070868714426 
 1.4889311386528365 
 1.7718706787591822 
 1.7292611907554136 
 1.5955101836784868 
 1.7619639457137175 
 1.8264944268546197 
 1.4131213903455104 
 1.7278885449934653 
 1.8192858326935015 
 1.6155089260839233 
 1.773336593159583 
 1.6256867364171956 
 1.631601988532544 
 1.59361089782454 
 1.5776505313315465 
 1.698843761100948 
 1.7433773776606647 
 1.811925636952265 
 1.5533669475177225 
 1.8452168642643676 
 1.5295156308008384 
 1.686500178745342 
 1.8334093674731138 
 1.8071438673325049 
 1.6634983436045636 
 1.8311976272592472 
 1.5426231710182368 
 1.5704858871553444 
 1.7520832000660134 
 1.4152317398856793 
 1.7575819365495966 
 1.663914317097489 
 1.751927435612679 
 1.5776829206343232 
 1.6664685931985046 
 1.726508680207419 
 1.767079405824306 
 1.5660873009106988 
 1.716870114915029 
 1.514563461118 
 1.668768486151512 
 1.7808624131772526 
 1.6648158212114077 
 1.757766635008678 
 1.5489440426725272 
 1.5707548702951497 
 1.6439871532057266 
 1.0964908687648232 
 1.5663842132516832 
 1.7694456466990245 
 1.8503331036374457 
 1.7831214547613068 
 1.7116860758835004 
 1.6366141106461567 
 1.7337892026773465 
 1.5508085962693323 
 1.6922973233858751 
 1.7830513591392083 
 1.7551789669973854 
 1.6943552085646136 
 1.835280144972947 
 1.7407900950451152 
 1.670130123815395 
 1.5673686548298833 
 1.7084073987111508 
 1.833576253256937 
 1.9126153680177032 
 1.7793036068646746 
 1.7540163899612011 
 1.5362145467286976 
 1.6965168227612124 
 1.5269349226089328 
 1.6060186705647097 
 1.7371064719238167 
 1.769529826307375 
 1.5311800184107611 
 1.7281813823505987 
 1.5661387593978677 
 1.8033159869598034 
 1.7012545154594794 
 1.742058736002411 
 1.5392972433557128 
 1.7473232242397139 
 1.4417543963084436 
 1.3341978023369108 
 1.6709604626250931 
 1.621439522109074 
 1.2406002562185237 
 1.5478053917052994 
 1.6399750199987957 
 1.695872874633926 
 1.5816200904744602 
 1.5616135428536524 
 1.2905056550931664 
 1.5410078280392663 
 1.5480229405239414 
 1.6088085478727208 
 1.5612175237781207 
 1.61695837386464 
 1.604654449082598 
 1.4384693195774814 
 1.3981104395420314 
 1.4127889638191422 
 1.846818904627664 
 1.6390000100353432 
 1.5587682404856729 
 1.9173692991417248 
 1.595088641843429 
 1.7334778188509201 
 1.7524360936131163 
 1.5095797791339223 
 1.6293379042610177 
 1.4593599951402516 
 1.4903579078064408 
 1.4422332408867449 
 1.7331668737694625 
 1.4609345351466583 
 1.4480181801411982 
 1.5934846708642352 
 1.7659128355608928 
 1.785331080709395 
 1.7205127288800903 
 1.7564132987213892 
 1.697640676667481 
 1.5729310075721379 
 1.7822283980386306 
 1.6530632159593872 
 1.7939987329214462 
 1.6823630717875275 
 1.7832402200004225 
 1.8114381353652813 
 1.4347613332622136 
 1.7152791125023068 
 1.4230180178336058 
 1.330091908293891 
 1.584895552997484 
 1.564091487227704 
 1.5868026861383449 
 1.96406433841095 
 1.646155206128917 
 1.834613981636742 
 1.6279594562934716 
 1.6795872182729839 
 1.4449391114412589 
